-47.3048364228605 11.8638449991341 1.5
-47.3048364228605 11.8638449991341 1.5
-47.3048364228605 11.8638449991341 1.5
-47.3048364228605 11.8638449991341 1.5
-47.3048364228605 11.8638449991341 1.5
-47.3048364228605 11.8638449991341 1.5
-47.3048364228605 11.8638449991341 1.5
-47.3048364228605 11.8638449991341 1.5
-47.3048364228605 11.8638449991341 1.5
-47.3048364228605 11.8638449991341 1.5
-47.2879798076226 11.8632384441959 1.5
-47.1976630169097 11.8599315654182 1.5
-47.0679870097031 11.8551042984957 1.5
-46.8341370543789 11.8462473262755 1.5
-46.4843083243824 11.8328420526957 1.5
-46.1477301773021 11.8200466707277 1.5
-45.6989586830575 11.8031576894311 1.5
-45.2722922497826 11.7872732108419 1.5
-44.6430422025927 11.7641031667653 1.5
-43.9615106594424 11.739321366558 1.5
-43.3140414190921 11.7160760461009 1.5
-42.6221074646655 11.6915511702415 1.5
-41.9680082792252 11.6686726568643 1.5
-41.3062854333343 11.6458264420744 1.5
-40.655391018725 11.6236487423471 1.5
-39.981513518853 11.6009938461489 1.5
-39.3303964812419 11.5794026332725 1.5
-38.5914278642349 11.555245168543 1.5
-37.9664549019313 11.5351149213192 1.5
-37.30705111275 11.514164882317 1.5
-36.6891460939599 11.4948073524276 1.5
-36.0488833978737 11.4750253872609 1.5
-35.4071667135366 11.4554817340251 1.5
-34.771399143827 11.436399175793 1.5
-34.0867538132445 11.4161577311217 1.5
-33.4618096422696 11.3979655376229 1.5
-32.8625137189439 11.3807743809702 1.5
-32.2563097310305 11.3636361727422 1.5
-31.6245213530887 11.3460422166357 1.5
-31.0254686199079 11.3296148009547 1.5
-30.4419127795663 11.3138508649407 1.5
-29.7716913895139 11.2960382786206 1.5
-29.1819939908846 11.2807102922343 1.5
-28.5996655232151 11.2659029699731 1.5
-28.0299598718572 11.2517328401863 1.5
-27.4730892680479 11.238184418486 1.5
-26.8782821971294 11.2240409174449 1.5
-26.3018810834794 11.2106619495753 1.5
-25.7134491915005 11.1973330421832 1.5
-25.1242253288496 11.1843196036309 1.5
-24.5330284123888 11.1715989052952 1.5
-23.9223604916519 11.1588099497767 1.5
-23.3494409397269 11.1471418085369 1.5
-22.7565570482121 11.135398534623 1.5
-22.1697844917599 11.1241096108644 1.5
-21.5782099843707 11.1130638373631 1.5
-21.0684739342773 11.1038100818324 1.5
-20.5362090495518 11.0944245950307 1.5
-19.9519262073831 11.0844323354486 1.5
-19.3330707517856 11.0742043706679 1.5
-18.768127785959 11.0651929005116 1.5
-18.1784157362703 11.0561126665122 1.5
-17.5879051783409 11.047355477353 1.5
-16.9971340690087 11.0389303148674 1.5
-16.379027862739 11.0304726020583 1.5
-15.8147227853837 11.0230757944692 1.5
-14.9904979945367 11.0127655796068 1.5
-14.4741186797879 11.0066778118795 1.5
-13.8942750962419 11.0001439515933 1.5
-13.3045886616589 10.9938302613489 1.5
-12.7135762528354 10.9878373688813 1.5
-12.1215466055464 10.982171934702 1.5
-11.4829350924918 10.9764350974269 1.5
-10.9385978487373 10.971860958392 1.5
-10.3477320227361 10.9672157292849 1.5
-9.75818618168279 10.9629152079929 1.5
-9.16704213740299 10.9589393556385 1.5
-8.57055288308147 10.9552680285934 1.5
-7.98398943467331 10.952002049751 1.5
-7.39283852755238 10.9492329621783 1.5
-6.8027863812315 10.9473249346662 1.5
-6.21175305056912 10.9465158277227 1.5
-5.59818297334451 10.9469994851356 1.5
-5.02603781743416 10.9487204664479 1.5
-4.4375694412351 10.951880154123 1.5
-3.84742074819774 10.9568480154984 1.5
-3.25448173713023 10.9646459066133 1.5
-2.64072619455342 10.978822952925 1.5
-2.07459093225072 10.9991796485209 1.5
-1.47780075415401 11.0285095400419 1.5
-0.896135699578937 11.0653254692616 1.5
-0.306695187640207 11.1113128002541 1.5
0.315425671321784 11.1698294789209 1.5
0.870002755885553 11.2315915009403 1.5
1.45819821247838 11.3131729620422 1.5
2.18267590064269 11.4464839679765 1.5
2.7571391441459 11.5851918940417 1.5
3.32451438989068 11.7533187316392 1.5
3.88055325449916 11.9510844060132 1.5
4.52682595568648 12.2241991877766 1.5
4.96102468014518 12.4311492455043 1.5
5.48648786160833 12.7001060232887 1.5
6.00769073739919 12.9801468787481 1.5
6.52445645498525 13.2665207474149 1.5
7.06970808070049 13.5759183985804 1.5
7.55356912517492 13.849252606949 1.5
8.07191297749076 14.1312932285198 1.5
8.59751645990008 14.4033950037589 1.5
9.12852390157965 14.6623720101666 1.5
9.66898827805614 14.9022896644749 1.5
10.2303764880395 15.1213562897689 1.5
10.7772607830452 15.312195503412 1.5
11.3397457590727 15.4923012031223 1.5
11.9071305470097 15.6609772522691 1.5
12.4756229100712 15.8196941840209 1.5
13.0627142394954 15.9732383866748 1.5
13.6215013675982 16.1100054376403 1.5
14.197629605201 16.2411239903576 1.5
14.7759737033154 16.3624251980507 1.5
15.3561552500715 16.4740255550145 1.5
15.962240227942 16.5812885689517 1.5
16.522411254203 16.6727951893478 1.49999991059303
17.1060960664001 16.7626785228143 1.49999991059303
17.6930638515963 16.8485708317995 1.49999991059303
18.2759723166262 16.9289378405532 1.49999991059303
18.8825748751263 17.0075343731529 1.49999991059303
19.4498117643503 17.0757658902024 1.49999991059303
20.0372515819213 17.1412276630768 1.49999991059303
20.6243044660489 17.2007411239669 1.49999991059303
21.2129254335537 17.2549427282811 1.49999991059303
21.8096390362549 17.304034734847 1.49999991059303
22.3927883745854 17.3479369977034 1.49999991059303
22.9819936740661 17.3896626597111 1.49999991059303
23.5702878909332 17.4293577274044 1.49999991059303
24.1601404380038 17.4675340984745 1.49999991059303
24.7519763893062 17.5042474350427 1.49999991059303
25.3418735776212 17.539135335127 1.49999991059303
25.9315841386646 17.572204354761 1.49999991059303
26.5213280598091 17.6035295472267 1.49999991059303
27.1116145785522 17.633064242601 1.49999991059303
27.7021129947 17.6607776379293 1.49999991059303
28.3198436454883 17.6878259836775 1.49999991059303
28.8836959206183 17.7107506508486 1.49999991059303
29.4740116465975 17.7329763539729 1.49999991059303
30.0640692986253 17.7533064638655 1.49999991059303
30.654644871139 17.7718372725136 1.49999991059303
31.266914171523 17.7890816208167 1.49999991059303
31.8371912799293 17.8033174077406 1.49999991059303
32.4285506807679 17.8162622921484 1.49999991059303
33.0180076440974 17.8273533575469 1.49999991059303
33.6115162569571 17.8366800396288 1.49999991059303
34.2284234272553 17.8444343706808 1.49999991059303
34.7924253889643 17.8497643731381 1.49999991059303
35.3834733135072 17.8535757425593 1.49999991059303
35.9731723531625 17.8555612802717 1.49999991059303
36.5647174809926 17.8557266568799 1.49999991059303
37.2489621320969 17.853695630285 1.49999991059303
37.7481744525937 17.8506164321163 1.49999991059303
38.3385318949655 17.8453088404453 1.49999991059303
38.9317884489926 17.8381498361505 1.49999991059303
39.5211957882468 17.8293390679132 1.49999991059303
40.1593644701801 17.8181475141586 1.49999991059303
40.7033904864018 17.8072110410281 1.49999991059303
41.2936047599194 17.7939273202816 1.49999991059303
41.8853262826573 17.7791216990758 1.49999991059303
42.4744702250093 17.7628933142801 1.49999991059303
43.1167657407061 17.743535255806 1.49999991059303
43.6567949891356 17.7258684979679 1.49999991059303
44.2486456176429 17.7050882082897 1.49999991059303
44.8382745988631 17.6828997425729 1.49999991059303
45.4293787313369 17.6591640042965 1.49999991059303
45.7322365913815 17.6464215013548 1.49999991059303
45.7414738631206 17.6460031654103 1.49999991059303
45.7513171844913 17.6455333815247 1.49999991059303
45.7611071442379 17.6450414340261 1.49999991059303
45.770951636543 17.6445218923394 1.49999991059303
45.781371739696 17.6439450366337 1.49999991059303
45.790568597574 17.6434123264241 1.49999991059303
45.8004018582161 17.6428188769497 1.49999991059303
45.8101858713385 17.6422036213353 1.49999991059303
45.8200243570255 17.6415600539457 1.49999991059303
45.8304280284561 17.6408525851764 1.49999991059303
45.839665433607 17.6402006819289 1.49999991059303
45.8494459636712 17.6394865672107 1.49999991059303
45.8592625462716 17.6387450062287 1.49999991059303
45.8690569026448 17.6379802764516 1.49999991059303
45.8795522888274 17.6371335650481 1.49999991059303
45.8886540233425 17.6363758496845 1.49999991059303
-47.3048364228605 11.8638449991341 1.5
-47.3048364228605 11.8638449991341 1.5
-47.3048364228605 11.8638449991341 1.5
-47.3048364228605 11.8638449991341 1.5
-47.3048364228605 11.8638449991341 1.5
-47.3048364228605 11.8638449991341 1.5
-47.3048364228605 11.8638449991341 1.5
-47.3048364228605 11.8638449991341 1.5
-47.3048364228605 11.8638449991341 1.5
-47.3048364228605 11.8638449991341 1.5
-47.2879798076226 11.8632384441959 1.5
-47.1976630169097 11.8599315654182 1.5
-47.0679870097031 11.8551042984957 1.5
-46.8341370543789 11.8462473262755 1.5
-46.4843083243824 11.8328420526957 1.5
-46.1477301773021 11.8200466707277 1.5
-45.6989586830575 11.8031576894311 1.5
-45.2722922497826 11.7872732108419 1.5
-44.6430422025927 11.7641031667653 1.5
-43.9615106594424 11.739321366558 1.5
-43.3140414190921 11.7160760461009 1.5
-42.6221074646655 11.6915511702415 1.5
-41.9680082792252 11.6686726568643 1.5
-41.3062854333343 11.6458264420744 1.5
-40.655391018725 11.6236487423471 1.5
-39.981513518853 11.6009938461489 1.5
-39.3303964812419 11.5794026332725 1.5
-38.5914278642349 11.555245168543 1.5
-37.9664549019313 11.5351149213192 1.5
-37.30705111275 11.514164882317 1.5
-36.6891460939599 11.4948073524276 1.5
-36.0488833978737 11.4750253872609 1.5
-35.4071667135366 11.4554817340251 1.5
-34.771399143827 11.436399175793 1.5
-34.0867538132445 11.4161577311217 1.5
-33.4618096422696 11.3979655376229 1.5
-32.8625137189439 11.3807743809702 1.5
-32.2563097310305 11.3636361727422 1.5
-31.6245213530887 11.3460422166357 1.5
-31.0254686199079 11.3296148009547 1.5
-30.4419127795663 11.3138508649407 1.5
-29.7716913895139 11.2960382786206 1.5
-29.1819939908846 11.2807102922343 1.5
-28.5996655232151 11.2659029699731 1.5
-28.0299598718572 11.2517328401863 1.5
-27.4730892680479 11.238184418486 1.5
-26.8782821971294 11.2240409174449 1.5
-26.3018810834794 11.2106619495753 1.5
-25.7134491915005 11.1973330421832 1.5
-25.1242253288496 11.1843196036309 1.5
-24.5330284123888 11.1715989052952 1.5
-23.9223604916519 11.1588099497767 1.5
-23.3494409397269 11.1471418085369 1.5
-22.7565570482121 11.135398534623 1.5
-22.1697844917599 11.1241096108644 1.5
-21.5782099843707 11.1130638373631 1.5
-21.0684739342773 11.1038100818324 1.5
-20.5362090495518 11.0944245950307 1.5
-19.9519262073831 11.0844323354486 1.5
-19.3330707517856 11.0742043706679 1.5
-18.768127785959 11.0651929005116 1.5
-18.1784157362703 11.0561126665122 1.5
-17.5879051783409 11.047355477353 1.5
-16.9971340690087 11.0389303148674 1.5
-16.379027862739 11.0304726020583 1.5
-15.8147227853837 11.0230757944692 1.5
-14.9904979945367 11.0127655796068 1.5
-14.4741186797879 11.0066778118795 1.5
-13.8942750962419 11.0001439515933 1.5
-13.3045886616589 10.9938302613489 1.5
-12.7135762528354 10.9878373688813 1.5
-12.1215466055464 10.982171934702 1.5
-11.4829350924918 10.9764350974269 1.5
-10.9385978487373 10.971860958392 1.5
-10.3477320227361 10.9672157292849 1.5
-9.75818618168279 10.9629152079929 1.5
-9.16704213740299 10.9589393556385 1.5
-8.57055288308147 10.9552680285934 1.5
-7.98398943467331 10.952002049751 1.5
-7.39283852755238 10.9492329621783 1.5
-6.8027863812315 10.9473249346662 1.5
-6.21175305056912 10.9465158277227 1.5
-5.59818297334451 10.9469994851356 1.5
-5.02603781743416 10.9487204664479 1.5
-4.4375694412351 10.951880154123 1.5
-3.84742074819774 10.9568480154984 1.5
-3.25448173713023 10.9646459066133 1.5
-2.64072619455342 10.978822952925 1.5
-2.07459093225072 10.9991796485209 1.5
-1.47780075415401 11.0285095400419 1.5
-0.896135699578937 11.0653254692616 1.5
-0.306695187640207 11.1113128002541 1.5
0.315425671321784 11.1698294789209 1.5
0.870002755885553 11.2315915009403 1.5
1.45819821247838 11.3131729620422 1.5
2.18267590064269 11.4464839679765 1.5
2.7571391441459 11.5851918940417 1.5
3.32451438989068 11.7533187316392 1.5
3.88055325449916 11.9510844060132 1.5
4.52682595568648 12.2241991877766 1.5
4.96102468014518 12.4311492455043 1.5
5.48648786160833 12.7001060232887 1.5
6.00769073739919 12.9801468787481 1.5
6.52445645498525 13.2665207474149 1.5
7.06970808070049 13.5759183985804 1.5
7.55356912517492 13.849252606949 1.5
8.07191297749076 14.1312932285198 1.5
8.59751645990008 14.4033950037589 1.5
9.12852390157965 14.6623720101666 1.5
9.66898827805614 14.9022896644749 1.5
10.2303764880395 15.1213562897689 1.5
10.7772607830452 15.312195503412 1.5
11.3397457590727 15.4923012031223 1.5
11.9071305470097 15.6609772522691 1.5
12.4756229100712 15.8196941840209 1.5
13.0627142394954 15.9732383866748 1.5
13.6215013675982 16.1100054376403 1.5
14.197629605201 16.2411239903576 1.5
14.7759737033154 16.3624251980507 1.5
15.3561552500715 16.4740255550145 1.5
15.962240227942 16.5812885689517 1.5
16.522411254203 16.6727951893478 1.49999991059303
17.1060960664001 16.7626785228143 1.49999991059303
17.6930638515963 16.8485708317995 1.49999991059303
18.2759723166262 16.9289378405532 1.49999991059303
18.8825748751263 17.0075343731529 1.49999991059303
19.4498117643503 17.0757658902024 1.49999991059303
20.0372515819213 17.1412276630768 1.49999991059303
20.6243044660489 17.2007411239669 1.49999991059303
21.2129254335537 17.2549427282811 1.49999991059303
21.8096390362549 17.304034734847 1.49999991059303
22.3927883745854 17.3479369977034 1.49999991059303
22.9819936740661 17.3896626597111 1.49999991059303
23.5702878909332 17.4293577274044 1.49999991059303
24.1601404380038 17.4675340984745 1.49999991059303
24.7519763893062 17.5042474350427 1.49999991059303
25.3418735776212 17.539135335127 1.49999991059303
25.9315841386646 17.572204354761 1.49999991059303
26.5213280598091 17.6035295472267 1.49999991059303
27.1116145785522 17.633064242601 1.49999991059303
27.7021129947 17.6607776379293 1.49999991059303
28.3198436454883 17.6878259836775 1.49999991059303
28.8836959206183 17.7107506508486 1.49999991059303
29.4740116465975 17.7329763539729 1.49999991059303
30.0640692986253 17.7533064638655 1.49999991059303
30.654644871139 17.7718372725136 1.49999991059303
31.266914171523 17.7890816208167 1.49999991059303
31.8371912799293 17.8033174077406 1.49999991059303
32.4285506807679 17.8162622921484 1.49999991059303
33.0180076440974 17.8273533575469 1.49999991059303
33.6115162569571 17.8366800396288 1.49999991059303
34.2284234272553 17.8444343706808 1.49999991059303
34.7924253889643 17.8497643731381 1.49999991059303
35.3834733135072 17.8535757425593 1.49999991059303
35.9731723531625 17.8555612802717 1.49999991059303
36.5647174809926 17.8557266568799 1.49999991059303
37.2489621320969 17.853695630285 1.49999991059303
37.7481744525937 17.8506164321163 1.49999991059303
38.3385318949655 17.8453088404453 1.49999991059303
38.9317884489926 17.8381498361505 1.49999991059303
39.5211957882468 17.8293390679132 1.49999991059303
40.1593644701801 17.8181475141586 1.49999991059303
40.7033904864018 17.8072110410281 1.49999991059303
41.2936047599194 17.7939273202816 1.49999991059303
41.8853262826573 17.7791216990758 1.49999991059303
42.4744702250093 17.7628933142801 1.49999991059303
43.1167657407061 17.743535255806 1.49999991059303
43.6567949891356 17.7258684979679 1.49999991059303
44.2486456176429 17.7050882082897 1.49999991059303
44.8382745988631 17.6828997425729 1.49999991059303
45.4293787313369 17.6591640042965 1.49999991059303
45.7322365913815 17.6464215013548 1.49999991059303
45.7414738631206 17.6460031654103 1.49999991059303
45.7513171844913 17.6455333815247 1.49999991059303
45.7611071442379 17.6450414340261 1.49999991059303
45.770951636543 17.6445218923394 1.49999991059303
45.781371739696 17.6439450366337 1.49999991059303
45.790568597574 17.6434123264241 1.49999991059303
45.8004018582161 17.6428188769497 1.49999991059303
45.8101858713385 17.6422036213353 1.49999991059303
45.8200243570255 17.6415600539457 1.49999991059303
45.8304280284561 17.6408525851764 1.49999991059303
45.839665433607 17.6402006819289 1.49999991059303
45.8494459636712 17.6394865672107 1.49999991059303
45.8592625462716 17.6387450062287 1.49999991059303
45.8690569026448 17.6379802764516 1.49999991059303
45.8795522888274 17.6371335650481 1.49999991059303
45.8886540233425 17.6363758496845 1.49999991059303
-19.0898897878987 60.3954210926778 1.5
-19.0898908912122 60.3951976962783 1.5
-19.089891905383 60.394973936126 1.5
-19.0898928270939 60.3947505355701 1.5
-19.0898936581984 60.3945270979924 1.5
-19.0898943985253 60.3943036634289 1.5
-19.0898950476927 60.3940803719131 1.5
-19.0899364573516 60.377007751434 1.5
-19.0900934822367 60.3010160042444 1.5
-19.0903332893266 60.1577246073309 1.5
-19.0906012460117 59.9471299254641 1.5
-19.0908431138908 59.66867586543 1.5
-19.0910034451225 59.3227648160669 1.5
-19.0910274732061 58.9100907009197 1.5
-19.0908605498163 58.4293092940246 1.5
-19.0904550799998 57.88981361735 1.5
-19.0898123053196 57.3335460176055 1.5
-19.0889444594062 56.7778263299703 1.5
-19.0878504331536 56.2218166439905 1.5
-19.0865306699518 55.6658323392451 1.5
-19.084980230776 55.1086953343648 1.5
-19.0832510676872 54.5528697950173 1.5
-19.0813818764691 53.9965136939332 1.5
-19.0793784758233 53.4405480242057 1.5
-19.0772389945274 52.884425216221 1.5
-19.0749626583401 52.3279876607221 1.5
-19.0725527251305 51.7720236045535 1.5
-19.07000400051 51.2153466128308 1.5
-19.0673250949675 50.6598152396782 1.5
-19.0645024683419 50.102641739505 1.5
-19.0615527999118 49.5471366295465 1.5
-19.0584596987442 48.9901802920777 1.5
-19.0552321196534 48.4334736336052 1.5
-19.0518789456721 47.878435456499 1.5
-19.0483802349091 47.3217470304216 1.5
-19.0447516421143 46.7659555371413 1.5
-19.0409855083807 46.2098496633979 1.5
-19.0370826652484 45.653578787049 1.5
-19.0330407955421 45.0968442559805 1.5
-19.0288715955161 44.5412307982192 1.5
-19.0245646253323 43.9845729302152 1.5
-19.0202849233395 43.4283877988455 1.5
-19.0162211831351 42.8726408071259 1.5
-19.0124213218672 42.3158630893109 1.5
-19.0089120283361 41.7602035912973 1.5
-19.0057234402402 41.2041190051049 1.5
-19.0029245248251 40.6474432254359 1.5
-19.0005356343713 40.0914127116728 1.5
-18.9985598267422 39.5354469543275 1.5
-18.9969827581706 38.9789903937284 1.5
-18.995815729311 38.4228647050538 1.5
-18.9949490165581 37.8667135672331 1.5
-18.9941445496379 37.3103632038875 1.5
-18.9932162188462 36.7543117296067 1.5
-18.9921096688939 36.1980780461064 1.5
-18.9908220433114 35.6417285931762 1.5
-18.9893626593063 35.0856035848968 1.5
-18.9877652238801 34.5295785208597 1.5
-18.9860315282556 33.9733132491323 1.5
-18.9841610192161 33.416699942218 1.5
-18.9821575303727 32.8608421352659 1.5
-18.9800157580273 32.3042546973938 1.5
-18.9777416940674 31.7484974970668 1.5
-18.9753301410411 31.1922596424255 1.5
-18.9727817164907 30.6357485922315 1.5
-18.970097444682 30.0792132892396 1.5
-18.9672838533796 29.5239231996757 1.5
-18.9643242394944 28.9666176555125 1.5
-18.9612367091869 28.410764812868 1.5
-18.9579954320357 27.8548796589297 1.5
-18.9539695180443 27.2981535166895 1.5
-18.9475796436618 26.7421386427828 1.5
-18.9379488513805 26.1863863744745 1.5
-18.9246092383726 25.6306946665484 1.5
-18.9055893681143 25.073701921943 1.5
-18.8765158558961 24.5188791830863 1.5
-18.8318988002614 23.9644122078671 1.5
-18.7662304266369 23.4123661479353 1.5
-18.6765497595765 22.8632203393677 1.5
-18.5620444162968 22.3191983568637 1.5
-18.4231376706266 21.7806718431801 1.5
-18.2589251507379 21.2495754732611 1.5
-18.0694598225272 20.7261876177985 1.5
-17.8555512692926 20.2128173346709 1.5
-17.6176216298115 19.7103495869492 1.5
-17.355788171234 19.2191047354815 1.5
-17.0711506420175 18.7412042510905 1.5
-16.7643970900629 18.2776868327144 1.5
-16.4358189840764 17.8289751087127 1.5
-16.085726869906 17.3968085237626 1.5
-15.715376277944 16.9820113263531 1.5
-15.3281656543656 16.5829071239916 1.5
-14.9286658815354 16.1943125688211 1.5
-14.5278717554811 15.8096723002777 1.5
-14.1330828706339 15.4172793557538 1.5
-13.7519415724819 15.0126620055621 1.5
-13.3865965262931 14.5939721867962 1.5
-13.0372383904805 14.1607403626461 1.5
-12.7051676982661 13.7148696983773 1.5
-12.3918149425818 13.2554984676444 1.5
-12.0944879454294 12.7850725831911 1.5
-11.8046303975923 12.3105564365716 1.5
-11.5189989861792 11.8334168674947 1.5
-11.2383255784088 11.3528180445959 1.5
-10.9675782821583 10.8673988292927 1.5
-10.7127021015939 10.3728742375154 1.5
-10.4784136829901 9.86809200334403 1.5
-10.2673231278109 9.35402992472497 1.5
-10.08023877704 8.83033044230769 1.5
-9.91767992279719 8.29832467114034 1.5
-9.78041865099004 7.75921861188932 1.5
-9.66712808369656 7.2145537652481 1.5
-9.57038423218301 6.6663659747132 1.5
-9.48629518728452 6.11692195233318 1.5
-9.41610856343636 5.5656160190333 1.5
-9.3627704501078 5.01189276254423 1.5
-9.33085266509802 4.4563917949039 1.5
-9.32332757711902 3.90062301706946 1.5
-9.3420312707388 3.34444342023416 1.5
-9.38872226924563 2.79039215179221 1.5
-9.46615157717727 2.23996215943912 1.5
-9.57484459745832 1.69359583706082 1.5
-9.716180427442 1.15590803973277 1.5
-9.884370736861 0.626300387052328 1.5
-10.0721760702455 0.102882934018704 1.5
-10.2812983606122 -0.413059957029981 1.5
-10.51623737813 -0.916905102637729 1.5
-10.7798914577573 -1.40591867803083 1.5
-11.0717614976017 -1.87994218517898 1.5
-11.3889907603117 -2.33616158439233 1.5
-11.73294764624 -2.77389251302522 1.5
-12.1015282796079 -3.19037040116998 1.5
-12.4939709116406 -3.5847838895648 1.5
-12.9081203591334 -3.95503392538619 1.5
-13.3436871280223 -4.30090077427596 1.5
-13.7996051725041 -4.61924813794217 1.5
-14.2720743375374 -4.91303641048519 1.5
-14.7574594736926 -5.18567505548062 1.5
-15.2505573405402 -5.44097154208674 1.5
-15.7532953841174 -5.67960038811222 1.5
-16.2627938116653 -5.90407459924717 1.5
-16.7745788393726 -6.12076484393486 1.5
-17.2872949130797 -6.33627643039414 1.5
-17.8623803619264 -6.58241419377753 1.5
-18.3056011886964 -6.78084556081371 1.5
-18.8099984235648 -7.01853013912036 1.5
-19.3071714853931 -7.26760356952 1.5
-19.7998245963035 -7.52677936981249 1.5
-20.287256563675 -7.79491855287604 1.5
-20.768356213273 -8.07392984737805 1.5
-21.2383859236611 -8.3713977431919 1.5
-21.6908706376264 -8.69445411355724 1.5
-22.123724290283 -9.04342757500935 1.5
-22.5367612506118 -9.41556253840402 1.5
-22.9273015478787 -9.81116041890886 1.5
-23.2943899470602 -10.2293069927439 1.5
-23.6354431466552 -10.6684299915381 1.5
-23.9519580308144 -11.1263090061814 1.5
-24.2414701509768 -11.6011490143927 1.5
-24.5028605300921 -12.0919983766217 1.5
-24.7341747673706 -12.5979249219742 1.5
-24.9353300732923 -13.116109566783 1.5
-25.1077726103804 -13.6443376203484 1.5
-25.249245661836 -14.1824952031155 1.5
-25.3574508494305 -14.728047287222 1.5
-25.4334972903044 -15.2783817166642 1.5
-25.4788801695066 -15.8335779177891 1.5
-25.4916706281603 -16.38891103681 1.5
-25.4714597204048 -16.9447080893803 1.5
-25.4174136605815 -17.4987694022474 1.5
-25.3331300743696 -18.0485783108468 1.5
-25.2230313483632 -18.5934407904162 1.5
-25.0857054220981 -19.1323504303262 1.5
-24.9196045014701 -19.6634826131602 1.5
-24.7237748029905 -20.1829935696986 1.5
-24.4989684991783 -20.6928910882247 1.5
-24.2453202673416 -21.1875539556938 1.5
-23.9616120924536 -21.666087437462 1.5
-23.6541184870754 -22.1292144515771 1.5
-23.3275928185058 -22.5792681808937 1.5
-22.9816101063233 -23.0145650158685 1.49999991059303
-22.6159613899872 -23.4332567671093 1.49999991059303
-22.2297254770423 -23.8336817415745 1.49999991059303
-21.8234035222942 -24.2127703844001 1.49999991059303
-21.3960388289481 -24.569121363486 1.49999991059303
-20.9489055285935 -24.9009199418083 1.49999991059303
-20.4838677402372 -25.2068900434166 1.49999991059303
-20.0035055046457 -25.4855420757749 1.49999991059303
-19.5100884591382 -25.7428125017076 1.49999991059303
-19.0102193899582 -25.9854673781956 1.49999991059303
-18.5067325518873 -26.2224205237182 1.49999991059303
-18.0028941672663 -26.4579806450737 1.49999991059303
-17.4982934427538 -26.6928486225512 1.49999991059303
-16.9936671872569 -26.9264988711521 1.49999991059303
-16.4878034774367 -27.1580541502003 1.49999991059303
-15.9807538919483 -27.3850768830813 1.49999991059303
-15.4702553818188 -27.607556183127 1.49999991059303
-14.9581820213894 -27.8247369242076 1.49999991059303
-14.4466568420337 -28.041571978201 1.49999991059303
-13.9378100067929 -28.2673473089254 1.49999991059303
-13.436690103026 -28.5077279962251 1.49999991059303
-12.946104785426 -28.7682417606226 1.49999991059303
-12.4678435883869 -29.0532365451505 1.49999991059303
-12.0053781797574 -29.3619343377853 1.49999991059303
-11.5602703012139 -29.6949366156112 1.49999991059303
-11.1337460489906 -30.0519357339661 1.49999991059303
-10.7270759286008 -30.4319435090713 1.49999991059303
-10.341989634877 -30.8333941367083 1.49999991059303
-9.98001177922323 -31.2545860269128 1.49999991059303
-9.64081349246149 -31.6959215284903 1.49999991059303
-9.32715595456484 -32.155401959143 1.49999991059303
-9.03738714813989 -32.6307320813546 1.49999991059303
-8.76440449244969 -33.1150977002648 1.49999991059303
-8.50536389362174 -33.6069741189222 1.49999991059303
-8.26186161212062 -34.1066028997679 1.49999991059303
-8.03256360231247 -34.6139809177099 1.49999991059303
-7.82028231593084 -35.1278433081805 1.49999991059303
-7.62359971308867 -35.6480105815663 1.49999991059303
-7.44259114094974 -36.1740857992991 1.49999991059303
-7.27815593744613 -36.7047379542306 1.49999991059303
-7.12942558243634 -37.2415756392516 1.49999991059303
-6.99807836658013 -37.7820885432439 1.49999991059303
-6.88391188879747 -38.3263110562675 1.49999991059303
-6.78597438793822 -38.8736581623679 1.49999991059303
-6.70511397221054 -39.4240354752554 1.49999991059303
-6.64144978327151 -39.9767638518375 1.49999991059303
-6.59191133468435 -40.5303764943636 1.49999991059303
-6.55377694633731 -41.0856083955623 1.49999991059303
-6.52768271591906 -41.640913329072 1.49999991059303
-6.51358203119946 -42.197042211527 1.49999991059303
-6.51150391029259 -42.752964295312 1.49999991059303
-6.52142711189101 -43.3085195639801 1.49999991059303
-6.54341477785451 -43.8652559989803 1.49999991059303
-6.5773759374732 -44.4203182274737 1.49999991059303
47.546558551739 54.0625294033728 1.5
47.5467417876666 54.0598780954032 1.5
47.5495213556346 54.019378392983 1.5
47.5568341511017 53.9115302594953 1.5
47.5685553995514 53.7363902344112 1.5
47.5845549164494 53.4941006924829 1.5
47.60471554807 53.1846113299281 1.5
47.6289278850837 52.8077482598981 1.5
47.6570322159151 52.3641263105603 1.5
47.6889862734609 51.8525057900443 1.5
47.7245979243478 51.2740224655707 1.5
47.7620139001693 50.6573026749872 1.5
47.7991255974098 50.0364434606711 1.5
47.8356423564748 49.4162368611207 1.5
47.8716279353012 48.7956088093753 1.5
47.8984063808585 48.3274207399137 1.49999991059303
47.9334121739712 47.7068667768983 1.49999991059303
47.9678955104241 47.0857073300046 1.49999991059303
48.001803021683 46.4648972215155 1.49999991059303
48.0351683432725 45.8438254081751 1.49999991059303
48.0679723470288 45.2228444991903 1.49999991059303
48.1002358888335 44.6015565071474 1.49999991059303
48.1319328284932 43.9804623546455 1.49999991059303
48.1631066585627 43.3587006173237 1.49999991059303
48.1937366029682 42.7366609915776 1.49999991059303
48.2237343020796 42.1161699543002 1.49999991059303
48.2532620457388 41.493872648992 1.49999991059303
48.2821775123567 40.8727449776866 1.49999991059303
48.3105275826182 40.2518234791454 1.49999991059303
48.3383507448465 39.6302557791966 1.49999991059303
48.3656178680817 39.0086727272252 1.49999991059303
48.3923301415846 38.3870470069374 1.49999991059303
48.4184975563139 37.765138048843 1.49999991059303
48.4441111190283 37.1436146855798 1.49999991059303
48.4692580071813 36.522220861792 1.49999991059303
48.494057834739 35.8980919620426 1.49999991059303
48.5181993608042 35.2791099820485 1.49999991059303
48.54197297502 34.6579314139914 1.49999991059303
48.565314095903 34.0361606930052 1.49999991059303
48.5882170450286 33.4139186608249 1.49999991059303
48.6106124197995 32.7931160231362 1.49999991059303
48.6326331698655 32.1700528722758 1.49999991059303
48.6541103587212 31.549505636037 1.49999991059303
48.6752034721374 30.9268932160747 1.49999991059303
48.6958443415185 30.3056583639691 1.49999991059303
48.7164914361967 29.6840708917894 1.49999991059303
48.7374726820878 29.0624481868995 1.49999991059303
48.7588291931176 28.4402068651032 1.49999991059303
48.7805040899293 27.8189979474676 1.49999991059303
48.8025366478897 27.1976716137886 1.49999991059303
48.824969430502 26.5750595885972 1.49999991059303
48.847717936233 25.9535176201423 1.49999991059303
48.8708307437751 25.3313576298279 1.49999991059303
48.8941189761504 24.7104206799645 1.49999991059303
48.9175572989771 24.0885143077275 1.49999991059303
48.9410759818385 23.4671588675257 1.49999991059303
48.9647188907394 22.8451952340766 1.49999991059303
48.9884381020876 22.223884562529 1.49999991059303
49.0122909832231 21.6017246413081 1.49999991059303
49.0362096499253 20.9804866227732 1.49999991059303
49.0602353097906 20.3590948588553 1.49999991059303
49.0843979679446 19.7367797295737 1.49999991059303
49.1086144296211 19.1156832636039 1.49999991059303
49.1329688241138 18.493644927936 1.49999991059303
49.1574086696308 17.8720092820238 1.49999991059303
49.1819598010871 17.2501179852505 1.49999991059303
49.2065145007765 16.6286540323579 1.49999991059303
49.2308021213122 16.0072446013118 1.49999991059303
49.254642352692 15.3859664337699 1.49999991059303
49.2780351003032 14.7644948158378 1.49999991059303
49.30100272838 14.1422087372343 1.49999991059303
49.3234898704077 13.5206015479437 1.49999991059303
49.3455153265224 12.8991821115919 1.49999991059303
49.3671054023956 12.2771995598849 1.49999991059303
49.3882198114221 11.6558134970954 1.49999991059303
49.4088767055526 11.0345141906764 1.49999991059303
49.4290987252916 10.4126063584162 1.49999991059303
49.4488654571359 9.79021967144203 1.49999991059303
49.4677586579748 9.16810303284517 1.49999991059303
49.4851305827343 8.54593288368362 1.49999991059303
49.5006539082108 7.92471640764151 1.49999991059303
49.5158172412544 7.24979264838385 1.49999991059303
49.5264417341329 6.68033664801021 1.49999991059303
49.536216278338 6.05864117336338 1.49999991059303
49.5443407356961 5.43703312232534 1.49999991059303
49.5530236907949 4.81452318191045 1.49999991059303
49.5630899043579 4.19254454540272 1.49999991059303
49.5745891232513 3.57085064193074 1.49999991059303
49.5871080286139 2.94816461631096 1.49999991059303
49.5999231868185 2.32690471023416 1.49999991059303
49.6129033164703 1.70509131724822 1.49999991059303
49.6258351829857 1.08271073079066 1.49999991059303
49.6386606918294 0.460578550564183 1.49999991059303
49.6513733423787 -0.160980479984842 1.49999991059303
49.663961059852 -0.783878609239175 1.49999991059303
49.6761097229944 -1.40591297367178 1.49999991059303
49.6875912663689 -2.02670702260311 1.49999991059303
49.6984520152749 -2.64948913514198 1.49999991059303
49.7086317025687 -3.27088131933544 1.49999991059303
49.7181700853238 -3.89324888807265 1.49999991059303
49.7270830180671 -4.51795518855596 1.49999991059303
49.7351864661889 -5.13684431102836 1.49999991059303
49.7424180050064 -5.7585932997291 1.49999991059303
49.7486989242812 -6.38127136227188 1.49999991059303
49.7540172322672 -7.00391199000675 1.49999991059303
49.7583706376156 -7.62612395206032 1.49999991059303
49.7617631783021 -8.24832333513557 1.49999991059303
49.7641931688721 -8.86997971143025 1.49999991059303
49.7656637380242 -9.49142566229783 1.49999991059303
49.7661762111771 -10.1140516728716 1.49999991059303
49.7657266270003 -10.7367055714642 1.49999991059303
49.7643191836189 -11.3578639949926 1.49999991059303
49.7619491172492 -11.9801887508567 1.49999991059303
49.7586204298092 -12.6020915218151 1.49999991059303
49.754333886731 -13.2237285885215 1.49999991059303
49.7490767241895 -13.8466481384452 1.49999991059303
49.7428702276637 -14.4682690009402 1.49999991059303
49.7356989305767 -15.0903620616706 1.49999991059303
49.7275613788628 -15.7128701391777 1.49999991059303
49.7184685803824 -16.3349380815654 1.49999991059303
49.7084251755532 -16.9564067006242 1.49999991059303
49.6974084495523 -17.5786662943047 1.49999991059303
49.6854352928782 -18.200676182418 1.49999991059303
49.6725149412247 -18.822054519365 1.49999991059303
49.6586019969852 -19.444905840466 1.49999991059303
49.6437655961637 -20.0661207099318 1.49999991059303
49.6279580039328 -20.6878221772379 1.49999991059303
49.6111837961228 -21.3097582432032 1.49999991059303
49.5934528755618 -21.9315470832363 1.49999991059303
49.5747755060369 -22.5528718672974 1.49999991059303
49.5551185261532 -23.1748256237065 1.49999991059303
49.5344983274256 -23.7968317545581 1.49999991059303
49.5129256958994 -24.4185734474214 1.49999991059303
49.4903727379248 -25.0408375040293 1.49999991059303
49.4668753486214 -25.6626208670779 1.49999991059303
49.44243046584 -26.2840519450191 1.49999991059303
49.4170253799398 -26.9054723714453 1.49999991059303
49.3906412861693 -27.5273164075331 1.49999991059303
49.363337643977 -28.148201163389 1.49999991059303
49.3350281690821 -28.770090572676 1.49999991059303
49.3057884620018 -29.3912959267625 1.49999991059303
49.2756156247617 -30.0119363762137 1.49999991059303
49.2443997388707 -30.6342255773959 1.49999991059303
49.2122696758941 -31.2555483247111 1.49999991059303
49.1791953373932 -31.8765427342916 1.49999991059303
49.145173984915 -32.4972815201761 1.49999991059303
49.1101749937586 -33.1183191426054 1.49999991059303
49.0742282416563 -33.7391167215932 1.49999991059303
49.0372545948135 -34.3610067140113 1.49999991059303
48.9993874241112 -34.9817365971291 1.49999991059303
48.9605360363094 -35.6028240618953 1.49999991059303
48.9207381282629 -36.223656319068 1.49999991059303
48.8799781376988 -36.8444819526989 1.49999991059303
48.8383042281387 -37.4645865595026 1.49999991059303
48.8063919274368 -37.9300452070046 1.49999991059303
48.8063135547998 -37.9311599415231 1.49999991059303
48.8062412664196 -37.9321655871518 1.49999991059303
48.8062808740297 -37.9316504589957 1.49999991059303
48.8065466493355 -37.9284874603338 1.49999991059303
48.806977115749 -37.924182556447 1.49999991059303
48.8075727823772 -37.919249738431 1.49999991059303
48.8083043765138 -37.9141626753992 1.49999991059303
48.8091571485492 -37.9090997490178 1.49999991059303
48.8101375488062 -37.9040502984354 1.49999991059303
48.8112421621119 -37.8990335441803 1.49999991059303
48.8124717645389 -37.8940448470865 1.49999991059303
48.8138275908212 -37.8890805415856 1.49999991059303
48.8153038837506 -37.8841616032271 1.49999991059303
48.8169048927981 -37.8792733612528 1.49999991059303
48.8186246866788 -37.8744340956724 1.49999991059303
48.8204660794503 -37.8696353467001 1.49999991059303
48.8224264498088 -37.8648843753157 1.49999991059303
48.8245023997277 -37.8601888755844 1.49999991059303
48.8266969975228 -37.8555417941388 1.49999991059303
48.829008112904 -37.8509483712575 1.49999991059303
48.8314339812278 -37.8464125040432 1.49999991059303
48.8339701314989 -37.8419423883453 1.49999991059303
48.836617867695 -37.8375354817548 1.49999991059303
48.839374106442 -37.8331969732823 1.49999991059303
48.8422334659539 -37.8289347678217 1.49999991059303
48.8452010174937 -37.8247410649178 1.49999991059303
48.8482761955717 -37.8206174050085 1.49999991059303
48.851450484585 -37.8165753905802 1.49999991059303
48.8547204526404 -37.8126187317094 1.49999991059303
48.8580978310467 -37.8087336244561 1.49999991059303
48.8615653114837 -37.8049404453463 1.49999991059303
48.8651222953337 -37.8012390359677 1.49999991059303
48.8687783056314 -37.7976196974018 1.49999991059303
48.8724767173259 -37.7941360493602 1.49999991059303
48.8761397928463 -37.7908536442442 1.49999991059303
48.8798805214416 -37.7876641966089 1.49999991059303
48.8836950139585 -37.7845706754152 1.49999991059303
48.8875858356191 -37.7815708385789 1.49999991059303
48.8915581550468 -37.778661256208 1.49999991059303
48.895593251743 -37.7758557892307 1.49999991059303
48.8997004175111 -37.7731477277765 1.49999991059303
48.903870109814 -37.7705434667412 1.49999991059303
48.9080965557935 -37.7680461686694 1.49999991059303
48.9123895501036 -37.7656500069069 1.49999991059303
48.9167432993173 -37.763358684089 1.49999991059303
48.9211505929454 -37.7611760844451 1.49999991059303
48.9256058947458 -37.7591046875295 1.49999991059303
48.9301177641186 -37.7571405822973 1.49999991059303
48.9346662282942 -37.7552923787539 1.49999991059303
48.9392717651771 -37.7535517777301 1.49999991059303
48.9439081227849 -37.7519288853163 1.49999991059303
48.9476778637351 -37.7507080550933 1.49999991059303
48.948012912187 -37.7506034970993 1.49999991059303
48.9468576287557 -37.7509283401507 1.49999991059303
48.9452958149574 -37.7513467673583 1.49999991059303
48.943000887969 -37.7519370407943 1.49999991059303
48.9406113376353 -37.7525292050619 1.49999991059303
48.9382224895327 -37.7530980073827 1.49999991059303
48.9358233073936 -37.7536452557883 1.49999991059303
48.9334227049561 -37.7541694734103 1.49999991059303
48.9021256722585 -37.7606450987763 1.49999991059303
48.8087529093876 -37.7790665929277 1.49999991059303
48.6490160469855 -37.8089899641767 1.49999991059303
48.4228157530012 -37.8490816337529 1.49999991059303
48.1294312822396 -37.8981031507689 1.49999991059303
47.7687370657058 -37.9547119582027 1.49999991059303
47.3412441332805 -38.017476922016 1.49999991059303
46.8480131662068 -38.0848419766778 1.49999991059303
46.2896001863316 -38.1557419214838 1.49999991059303
45.6636860497854 -38.2303809357487 1.49999991059303
44.9695370401336 -38.3091743128142 1.49999991059303
44.208027488684 -38.3918094458038 1.49999991059303
43.3764929280032 -38.4793999385639 1.49999991059303
42.4774730517565 -38.5713699591292 1.49999991059303
41.4794553003363 -38.6704035552984 1.49999991059303
40.4760040113732 -38.7669095067416 1.49999991059303
38.6715832846963 -38.9342904007048 1.49999991059303
37.5807971062328 -39.0308682358374 1.49999991059303
36.3162105767228 -39.1396203657764 1.49999991059303
35.0378004143372 -39.250000736239 1.49999991059303
33.7600771540566 -39.3663775845891 1.49999991059303
32.4841432572585 -39.490327977195 1.49999991059303
31.2072257326817 -39.6221253826419 1.49999991059303
29.9308007176549 -39.7616374330981 1.49999991059303
28.6561179710682 -39.90893387795 1.49999991059303
27.3824894538249 -40.0633518802533 1.49999991059303
26.1092149089124 -40.2226850651918 1.49999991059303
24.8377892317991 -40.3841380068483 1.49999991059303
23.5640410811044 -40.54750201221 1.49999991059303
22.2924291976496 -40.7121679081105 1.49999991059303
21.0206012905122 -40.8784371690203 1.49999991059303
19.7481609730898 -41.0463638463329 1.49999991059303
18.475546882525 -41.2158923438932 1.49999991059303
17.2041837513993 -41.3868318542627 1.49999991059303
15.9313608720312 -41.5595475789207 1.49999991059303
14.6621439465255 -41.7333497549659 1.49999991059303
13.3893082552127 -41.9090773622875 1.49999991059303
12.1180791361069 -42.0849652097892 1.49999991059303
10.8472814280518 -42.2608986043923 1.49999991059303
9.57839396481643 -42.4366725400698 1.49999991059303
8.30576682943594 -42.6130698488746 1.49999991059303
7.03391241159184 -42.7894654928129 1.49999991059303
5.76480241328183 -42.9655856006083 1.49999991059303
4.49223728027767 -43.1422905394687 1.49999991059303
3.22063444806744 -43.3189672753188 1.49999991059303
1.95099867732615 -43.495475856463 1.49999991059303
0.679609016279204 -43.6722959278671 1.49999991059303
-0.58996224433378 -43.8485733138421 1.49999991059303
-1.86248234471731 -44.0243473555108 1.49999991059303
-3.13250729299102 -44.1981736802977 1.49999991059303
-4.4055896873074 -44.3692498786625 1.49999991059303
-5.67631223893504 -44.5352570570765 1.49999991059303
-6.94998355306514 -44.6960320082973 1.49999991059303
-8.22319301582614 -44.8510436878956 1.49999991059303
-9.49753149068361 -45.0001498667208 1.49999991059303
-10.7734526042206 -45.1433482210601 1.49999991059303
-12.0486262258019 -45.2803795154571 1.49999991059303
-13.3246406398081 -45.4114239885023 1.49999991059303
-14.6029348921534 -45.5366168554896 1.49999991059303
-15.8816148803551 -45.6557608414977 1.49999991059303
-17.1586305743896 -45.7686808843903 1.49999991059303
-18.4386628348403 -45.8757916419228 1.49999991059303
-19.7158655655914 -45.9766063122309 1.49999991059303
-20.9969648200229 -46.0716591218313 1.49999991059303
-22.2767222783022 -46.1605463347076 1.49999991059303
-23.5568079145549 -46.2433981427195 1.49999991059303
-24.8360849650347 -46.3201492905365 1.49999991059303
-26.1189201285837 -46.3910500163924 1.49999991059303
-27.4002976057472 -46.4558099680996 1.49999991059303
-28.6804744947117 -46.5144654899793 1.49999991059303
-29.9645471741609 -46.5672379523412 1.49999991059303
-31.2471712754842 -46.6138907764061 1.49999991059303
-32.5279921732534 -46.6544369654226 1.49999991059303
-33.8110371060254 -46.6890061719487 1.49999991059303
-35.0941541954299 -46.7175252054736 1.49999991059303
-36.3764536882172 -46.7399809583868 1.49999991059303
-37.6596868622902 -46.7564058403231 1.49999991059303
-38.9423132901587 -46.7667780139121 1.49999991059303
-40.2247637991095 -46.7711074463364 1.49999991059303
-40.8677937169785 -46.771004439068 1.49999991059303
-40.8691344099709 -46.7709963226999 1.49999991059303
-40.870421436354 -46.7709822474523 1.49999991059303
-40.8707658324325 -46.7709771136831 1.49999991059303
-40.8681631147662 -46.771085807128 1.49999991059303
-40.8637647823369 -46.7713919738101 1.49999991059303
-40.8589270275449 -46.7718814224594 1.49999991059303
-40.8540572664984 -46.7725392673056 1.49999991059303
-40.8492040781691 -46.7733619709717 1.49999991059303
-40.8443910217859 -46.7743455436984 1.49999991059303
-40.8396093338328 -46.7754914381911 1.49999991059303
-40.8348702385115 -46.7767971536003 1.49999991059303
-40.8301796187084 -46.778260895747 1.49999991059303
-40.8255414775502 -46.7798812701582 1.49999991059303
-40.8209561359418 -46.781658352476 1.49999991059303
-40.8164309641318 -46.7835896759717 1.49999991059303
-40.8119783860298 -46.7856698037986 1.49999991059303
-40.8075969661996 -46.787899144194 1.49999991059303
-40.8032941515561 -46.7902739297314 1.49999991059303
-40.7990728060401 -46.7927925471907 1.49999991059303
-40.79493744831 -46.7954524322892 1.49999991059303
-40.7908948639742 -46.7982492425002 1.49999991059303
-40.7869465306436 -46.8011820322336 1.49999991059303
-40.7832365361862 -46.8041347516506 1.49999991059303
-40.7796643331601 -46.8071903573896 1.49999991059303
-40.7761965921668 -46.8103514330372 1.49999991059303
-40.7728287590753 -46.8136206691088 1.49999991059303
-40.7695715003264 -46.8169966414067 1.49999991059303
-40.7671842660919 -46.8195961055032 1.49999991059303
-40.7954315198823 -46.7869747157304 1.49999991059303
-40.867062105976 -46.7014842344893 1.49999991059303
-40.9783405459856 -46.5640968485343 1.49999991059303
-41.1300186457343 -46.3728406782862 1.49999991059303
-41.3247440173531 -46.1294516730332 1.49999991059303
-41.5666711212791 -45.8349925105069 1.49999991059303
-41.8306259279871 -45.5229710570242 1.49999991059303
-42.0992119420445 -45.2146817118947 1.49999991059303
-42.3722225315961 -44.9109354360005 1.49999991059303
-42.6495908842134 -44.6112607016723 1.49999991059303
-42.9306164265932 -44.3142214700359 1.49999991059303
-43.2128190263316 -44.0185008453779 1.49999991059303
-43.4918577231381 -43.7204117629194 1.49999991059303
-43.7622159154578 -43.4137049777694 1.49999991059303
-44.0176323930721 -43.0953109294604 1.5
-44.2554770987893 -42.7626044789862 1.5
-44.474052694787 -42.4177699334878 1.5
-44.6720377623228 -42.0609522395487 1.5
-44.8483161928183 -41.691856732465 1.5
-45.002590895591 -41.3136244121432 1.5
-45.1355249015755 -40.9272741843952 1.5
-45.2483636408227 -40.5351313853183 1.5
-45.3465124320538 -40.1376023871768 1.5
-45.4303134405458 -39.7374658233106 1.5
-45.4995676798719 -39.3348905932876 1.5
-45.5542449384537 -38.9302009111628 1.5
-45.5937260862997 -38.5236336544616 1.5
-45.621572974593 -38.1160675213847 1.5
-45.6472904459442 -37.7084357774029 1.5
-45.6736406784762 -37.3008383542614 1.5
-45.7006717104054 -36.8928151623037 1.5
-45.7281304859956 -36.4852664556305 1.5
-45.7556786479763 -36.0774855423509 1.5
-45.7815309496965 -35.6692831725226 1.5
-45.8035134523802 -35.2619412644444 1.5
-45.8217374992423 -34.8365443294713 1.5
-45.8370297626412 -34.3521237855683 1.5
-45.8481146121504 -33.8022215497445 1.5
-45.8548757348093 -33.1873781362898 1.5
-45.858820054682 -32.5019736451042 1.5
-45.8595584709968 -31.7515673042542 1.5
-45.8580313079478 -30.9305776607557 1.5
-45.8543030281658 -30.0427074263519 1.5
-45.8483055016358 -29.0888464518769 1.5
-45.8403233783178 -28.0652981981795 1.5
-45.8304198283686 -26.9777412283314 1.5
-45.8188114016614 -25.8617869111134 1.5
-45.80575429668 -24.7459818366239 1.5
-45.7912445654019 -23.6299948540651 1.5
-45.7752755415427 -22.5134282314009 1.5
-45.7578670694727 -21.3971662517074 1.5
-45.7406177785143 -20.2813183647995 1.5
-45.7273755040742 -19.1647668999025 1.5
-45.7193098120627 -18.0489154418297 1.5
-45.7164088919669 -16.9319894669362 1.5
-45.7187107564812 -15.8065805698076 1.5
-45.7266095396878 -14.631932309156 1.5
-45.7403150111008 -13.391481216638 1.5
-45.7669507757938 -11.6595214562551 1.5
-45.79214639076 -10.3475242617805 1.5
-45.8232646121286 -8.88866242059191 1.5
-45.8582225585114 -7.36474194392438 1.5
-45.8960243897125 -5.81177453041454 1.5
-45.9360454618204 -4.25598659937485 1.5
-45.9779387556945 -2.70231226880782 1.5
-46.0207674082764 -1.15031029568642 1.5
-46.063981085406 0.404278947339959 1.5
-46.1070209407941 1.95864104983753 1.5
-46.1491478526192 3.51277297078286 1.5
-46.1894009322823 5.06688484669658 1.5
-46.2266390305381 6.61979603827442 1.5
-46.2597704858149 8.17284647651923 1.5
-46.2882278453948 9.72812310586178 1.5
-46.3114620668375 11.2820022929924 1.5
-46.3292670676229 12.8370660832076 1.5
-46.342197621903 14.3889552332782 1.5
-46.3513934599139 15.9458102873952 1.5
-46.3589558048164 17.4985237720334 1.5
-46.3654619664928 19.0530042679257 1.5
-46.3709622809509 20.6089030561695 1.5
-46.3754293157208 22.162880631997 1.5
-46.3786582289857 23.7172322482372 1.5
-46.3805065896759 25.2725367789906 1.5
-46.3808848672487 26.82584828208 1.5
-46.3797497356771 28.3791130426713 1.5
-46.3770983551961 29.9337671691702 1.5
-46.372931635301 31.4882092900239 1.5
-46.36724616409 33.0433885828843 1.5
-46.3600445131407 34.5983760968384 1.5
-46.3513306923899 36.152590693505 1.5
-46.3411001852713 37.7070047329706 1.5
-46.3293556929901 39.261199383034 1.5
-46.3160974258751 40.8152195428096 1.5
-46.3013341156079 42.3682290529799 1.5
-46.2850259292 43.9241680028663 1.5
-46.2672300606254 45.4774703610105 1.5
-46.2478954411823 47.032725363881 1.5
-46.2270511262707 48.5874043309069 1.5
-46.2160416824395 49.365978037145 1.5
-46.2159592829604 49.3713435591522 1.5
-46.215871691692 49.3767064385771 1.5
-46.2157851558531 49.3816796764817 1.5
-46.2157114943465 49.3854908150658 1.5
-46.2157206474935 49.3853811677344 1.5
-46.2158529737438 49.3829291463952 1.5
-46.216054512574 49.3808675250898 1.5
-46.216361573443 49.3788803699015 1.5
-46.2167765726769 49.376913493128 1.5
-46.2173061039532 49.3749726952604 1.5
-46.217946966883 49.3730692744893 1.5
-46.2186986132194 49.3712044258367 1.5
-46.2195575664458 49.3693872024423 1.5
-46.2205222485965 49.3676212307164 1.5
-46.2215881197074 49.3659151670819 1.5
-46.2227520185214 49.3642740078075 1.5
-46.224008707762 49.3627049567037 1.5
-46.2253555182028 49.3612112132185 1.5
-46.2267867828048 49.3597991238267 1.5
-46.2282986176109 49.3584725170076 1.5
-46.2298826043659 49.3572385090934 1.5
-46.2315391250074 49.3560967916058 1.5
-46.2332603168767 49.3550533257434 1.5
-46.235037860697 49.3541130812188 1.5
-46.2368656180929 49.3532789398231 1.5
-46.2387402197819 49.352552373056 1.5
-46.2406539236626 49.351936511143 1.5
-46.2426036128977 49.3514326304925 1.5
-46.2445783067738 49.3510438073494 1.5
-46.2465690101129 49.3507714274396 1.5
-46.2490817147126 49.3505892706879 1.5
-46.250264053413 49.3505724905734 1.5
-46.2487702954435 49.3505350272562 1.5
-46.2461462606415 49.3504409346411 1.5
-46.2434670578294 49.3503136829398 1.5
-46.2407870527491 49.3501549271461 1.5
-46.2381155130623 49.3499652713215 1.5
-46.2354402461184 49.3497427925988 1.5
-46.2321960452369 49.3494439331238 1.5
-46.2283558972642 49.3490775512148 1.5
-46.2231096116291 49.3485699193307 1.5
-46.2167800436495 49.3479748849876 1.5
-46.2018527246078 49.3466493020286 1.5
-46.1365018858883 49.341137232415 1.5
-46.0039170049985 49.3305576477049 1.5
-45.8040077613833 49.3155411680298 1.5
-45.5368736427833 49.2967322960958 1.5
-45.2022899144545 49.2747520872502 1.5
-44.8002451179305 49.2502377703076 1.5
-44.3310360069102 49.2238429399874 1.5
-43.7934394989405 49.1961393264219 1.5
-43.1900126161645 49.1678917085563 1.5
-42.518391470271 49.1396175068782 1.5
-41.779123790252 49.1119822550021 1.5
-40.9727266235111 49.0856399209598 1.5
-40.0990107491162 49.0612209741053 1.5
-39.1571870956462 49.0393319752728 1.5
-38.1487874648543 49.0206473947208 1.5
-37.0711339168854 49.0057575385057 1.5
-35.9288750977116 48.9953571616495 1.5
-34.7201502777637 48.9902063541303 1.5
-33.4444560753977 48.9898847798727 1.5
-32.1036402859917 48.9933957106194 1.5
-30.6919933186313 48.9997226788238 1.5
-29.2112968774981 49.0084191355766 1.5
-27.6618859550603 49.019580128164 1.5
-26.0665627073404 49.0330606426444 1.5
-24.4667727977486 49.047483405365 1.5
-22.8675116142282 49.0623483418676 1.5
-21.2688502798161 49.0775975132729 1.5
-19.670455027158 49.0932337796246 1.5
-18.0727551945127 49.1092526040133 1.5
-16.4735330468506 49.1256703340874 1.5
-14.8755520098144 49.1421794855523 1.5
-13.2777567987113 49.1581990610469 1.5
-11.6781399669438 49.173284799584 1.5
-10.0796583323839 49.1873203575933 1.5
-8.47875932220481 49.2003359890836 1.5
-6.88069003764619 49.2122890204126 1.5
-5.28316181990136 49.2232000611457 1.5
-3.6830512943071 49.2330887216298 1.5
-2.0867264809416 49.2419163186868 1.5
-0.487081413349344 49.2497231859742 1.5
1.10965893907373 49.256478049783 1.5
2.71095831664714 49.2622114818092 1.5
4.30820691237558 49.2668914715697 1.5
5.90841537827801 49.2705401990799 1.5
7.5053109861002 49.2731431989773 1.5
9.10444967532201 49.2747110265834 1.5
10.7041137058443 49.2752391650367 1.5
12.3018698876958 49.2747279572432 1.5
13.9013186196114 49.2731767551485 1.5
15.499788230997 49.2705872380447 1.5
17.0974449864695 49.2669608952471 1.5
18.6968161092323 49.2622913074387 1.5
20.2982824816343 49.256573673654 1.5
21.8952613791434 49.2498332871816 1.5
23.4931417821908 49.2420513267488 1.5
25.0915891389205 49.2332279569364 1.5
26.6902212051695 49.2233645209564 1.5
28.2900150539986 49.2124537274148 1.5
29.8868205339671 49.2005253179218 1.5
31.4856449568818 49.1875432287369 1.5
33.0856768101015 49.1735108156352 1.5
34.6840060543284 49.1584538328007 1.5
36.2833982864952 49.1423470533204 1.5
37.8810627404042 49.1252189859213 1.5
39.4808380749607 49.1070283911052 1.5
41.0795996902604 49.0878094539553 1.5
43.0259797697944 49.0631837069773 1.5
44.2741528185551 49.0464586062484 1.5
45.8711093517938 49.0241487345724 1.5
46.2802091603407 49.018265808071 1.5
46.2869161838773 49.0181633887352 1.5
46.2936216395755 49.0180566313597 1.5
46.3003278243234 49.0179455002426 1.5
46.3070274363659 49.0178301213528 1.5
46.3133261367041 49.0177166447511 1.5
46.3162245826097 49.0176516007401 1.5
46.3154042586453 49.0176879725398 1.5
46.3135072383006 49.0178171246256 1.5
46.3117876537075 49.0180010136416 1.5
46.3095245190093 49.0183395814486 1.5
46.3070606490912 49.018820783631 1.5
46.3044555347833 49.0194504619936 1.5
46.3018804721851 49.0202001499237 1.5
46.2993418831232 49.0210681827236 1.5
46.2968479920493 49.02205168165 1.5
46.2944029537083 49.023148777485 1.5
46.2920113872114 49.0243573001971 1.5
46.2896733594824 49.0256775779059 1.5
46.2874039174607 49.0271011426329 1.5
46.2852001698705 49.0286294859226 1.5
46.2830679148708 49.0302589851489 1.5
46.2810171591392 49.0319817372191 1.5
46.2790442412416 49.0338007285937 1.5
46.2771587691088 49.0357074580396 1.5
46.2753642249641 49.0376980653481 1.5
46.2736616961284 49.0397714403318 1.5
46.2720577665022 49.0419197026963 1.5
46.2705534845118 49.0441414420815 1.5
46.2691561937706 49.0464254669064 1.5
46.2678629987659 49.0487763920212 1.5
46.2666812992276 49.0511811469356 1.5
46.2656102349719 49.0536414079369 1.5
46.2646542143932 49.0561476310444 1.5
46.2638155949556 49.0586930150545 1.5
46.2630943436616 49.0612778066154 1.5
46.2624938894941 49.0638899351378 1.5
46.2620164475663 49.0665269006336 1.5
46.2619471888116 49.066923636901 1.5
46.2626785662742 49.0614036174519 1.5
46.2636221093951 49.054849301424 1.5
46.264605143168 49.0485809282295 1.5
46.2655031215373 49.0431756064441 1.5
46.2661282008289 49.0395039566019 1.5
46.2665522995399 49.0370129827413 1.5
46.2666903471708 49.0361792032801 1.5
46.266793058244 49.0355169854449 1.5
46.2668647862419 49.0350186150074 1.5
46.2669224884005 49.034575542558 1.5
46.2669744349273 49.0341320135612 1.5
46.2674311572222 49.0295468127612 1.5
46.2711972357952 48.9874135543508 1.5
46.2796632040635 48.8779925339174 1.5
46.2909826146583 48.7023479338707 1.5
46.3034517326963 48.4616299208845 1.5
46.3169445827657 48.1547482562522 1.5
46.3326130772501 47.7752684999752 1.5
46.350132528754 47.3290070934791 1.5
46.369265890142 46.8150516861667 1.49999991059303
46.3897207080256 46.2338846836445 1.49999991059303
46.411231170522 45.5852899163182 1.49999991059303
46.433515506778 44.8695204542749 1.49999991059303
46.4563391567069 44.0852390587536 1.49999991059303
46.4792776946405 43.2368776841118 1.49999991059303
46.502855015713 42.323200467828 1.49999991059303
46.5283516801086 41.3388134771597 1.49999991059303
46.5562322256378 40.2849561156128 1.49999991059303
46.5865233349019 39.1641021519922 1.49999991059303
46.619303859378 37.9761515466221 1.49999991059303
46.6546617028509 36.7206935772751 1.49999991059303
46.6926266325381 35.399358648945 1.49999991059303
46.733367668139 34.0089331731425 1.49999991059303
46.7768895308917 32.5519087219979 1.49999991059303
46.8233337230694 31.0261293687111 1.49999991059303
46.8727279235205 29.4332426751353 1.49999991059303
46.9251018201533 27.774714879335 1.49999991059303
46.9805709697239 26.0492556692552 1.49999991059303
47.039309200672 24.2538947500292 1.49999991059303
47.1012494083146 22.3930562269304 1.49999991059303
47.166481990681 20.4662453200611 1.49999991059303
47.2352871404699 18.4675206469756 1.49999991059303
47.3075058975644 16.4037989321906 1.49999991059303
47.383275311563 14.2732828132325 1.49999991059303
47.4623028104234 12.0861257357015 1.49999991059303
47.5433831236898 9.87691763702363 1.49999991059303
47.6256006887036 7.67098138853481 1.49999991059303
47.708902188762 5.46465733273642 1.49999991059303
47.7921888622373 3.25866229204758 1.49999991059303
47.8746250294271 1.05527192499471 1.49999991059303
47.9558741664322 -1.15211733945559 1.49999991059303
48.0356204040602 -3.35768291779321 1.49999991059303
48.1139400927966 -5.56537578082743 1.49999991059303
48.1901735205574 -7.77261433525433 1.49999991059303
48.2632980530248 -9.97985911716825 1.49999991059303
48.3327333114918 -12.187091177986 1.49999991059303
48.3978191357174 -14.39185268587 1.49999991059303
48.4578686674899 -16.6004140787921 1.49999991059303
48.5124797878404 -18.8069752428528 1.49999991059303
48.5617650624551 -21.0160666037209 1.49999991059303
48.6056012325655 -23.2221104771676 1.49999991059303
48.6440838361239 -25.4295059346415 1.49999991059303
48.6771850480179 -27.6369227698526 1.49999991059303
48.7049162663088 -29.8453028989809 1.49999991059303
48.7272474846936 -32.0520974266158 1.49999991059303
48.7442086756305 -34.2599607594455 1.49999991059303
48.7557799961769 -36.4660474978197 1.49999991059303
48.7578528629774 -37.0227309415983 1.49999991059303
48.7578526968927 -37.0222832908285 1.49999991059303
48.7578536202179 -37.0218368343087 1.49999991059303
48.7578556328895 -37.0213899747026 1.49999991059303
48.7578587391277 -37.020942554683 1.49999991059303
48.7578629322858 -37.0204956235477 1.49999991059303
48.757868212813 -37.0200488706146 1.49999991059303
48.7578745841136 -37.0196019918926 1.49999991059303
48.7578820432969 -37.0191552100163 1.49999991059303
48.7578905901382 -37.0187085076336 1.49999991059303
48.7579002305902 -37.0182616007963 1.49999991059303
48.757910950762 -37.0178153854151 1.49999991059303
48.7579228220193 -37.0173680721185 1.49999991059303
48.757935815737 -37.0169209767646 1.49999991059303
